0 3 1
0 203 1
0 164 1
0 206 1
1 272 1
3 138 1
3 146 1
4 138 1
4 267 1
5 144 1
6 66 1
6 143 1
9 137 1
11 197 1
11 230 1
12 44 1
13 138 1
13 98 1
14 15 1
15 219 1
15 14 1
16 143 1
17 31 1
17 143 1
18 259 1
21 48 1
21 206 1
21 142 1
24 94 1
25 156 1
25 172 1
26 27 1
26 236 1
27 26 1
27 156 1
27 134 1
28 25 1
28 27 1
28 156 1
30 31 1
31 30 1
35 117 1
35 7 1
37 134 1
37 94 1
39 143 1
40 186 1
40 268 1
42 144 1
44 265 1
44 12 1
46 95 1
47 13 1
48 142 1
49 141 1
51 17 1
52 194 1
52 172 1
56 120 1
56 242 1
57 120 1
57 240 1
58 20 1
59 25 1
59 66 1
59 135 1
59 172 1
59 143 1
61 242 1
61 159 1
61 124 1
61 133 1
61 157 1
62 98 1
62 4 1
63 51 1
63 157 1
64 210 1
64 156 1
66 288 1
66 194 1
66 51 1
66 61 1
66 143 1
68 112 1
68 56 1
70 74 1
74 77 1
77 272 1
80 209 1
80 134 1
80 143 1
81 89 1
81 66 1
83 56 1
83 242 1
83 150 1
85 216 1
85 190 1
86 272 1
87 202 1
88 211 1
88 230 1
89 66 1
89 143 1
90 12 1
90 163 1
90 44 1
90 62 1
91 48 1
91 138 1
91 178 1
91 146 1
92 167 1
97 186 1
98 4 1
98 13 1
98 47 1
99 179 1
101 194 1
101 106 1
101 188 1
101 258 1
101 37 1
103 267 1
103 4 1
106 192 1
106 121 1
106 101 1
107 223 1
107 31 1
108 185 1
110 157 1
111 183 1
114 117 1
115 132 1
116 157 1
117 256 1
117 114 1
117 35 1
118 105 1
120 66 1
122 114 1
122 92 1
124 61 1
124 245 1
126 260 1
129 211 1
132 105 1
134 27 1
135 136 1
135 258 1
136 258 1
136 59 1
136 135 1
138 250 1
138 251 1
138 4 1
141 105 1
141 142 1
142 48 1
142 235 1
142 21 1
142 270 1
142 141 1
143 209 1
144 138 1
144 11 1
144 42 1
145 48 1
145 138 1
145 220 1
146 251 1
146 147 1
147 144 1
147 146 1
148 232 1
150 83 1
155 51 1
156 154 1
156 66 1
156 37 1
156 277 1
159 66 1
159 27 1
159 92 1
160 225 1
162 165 1
164 217 1
164 275 1
164 166 1
165 186 1
165 162 1
165 94 1
165 213 1
166 217 1
166 164 1
166 205 1
173 174 1
174 173 1
177 66 1
178 138 1
178 164 1
179 219 1
180 53 1
181 66 1
181 157 1
182 32 1
182 157 1
185 272 1
185 154 1
186 185 1
187 105 1
188 13 1
188 103 1
190 216 1
192 27 1
193 114 1
195 137 1
196 217 1
196 259 1
197 275 1
197 11 1
197 230 1
200 225 1
201 16 1
201 56 1
202 281 1
202 254 1
203 0 1
204 95 1
206 68 1
206 21 1
207 25 1
207 107 1
207 134 1
207 51 1
209 210 1
210 194 1
210 61 1
210 135 1
211 88 1
211 129 1
212 35 1
213 225 1
214 156 1
214 279 1
216 217 1
216 163 1
216 13 1
217 42 1
217 164 1
217 269 1
217 166 1
218 260 1
219 105 1
220 145 1
223 222 1
224 264 1
225 200 1
228 17 1
228 181 1
230 11 1
232 148 1
234 280 1
234 39 1
235 131 1
236 209 1
236 202 1
239 157 1
240 120 1
241 251 1
242 56 1
242 83 1
243 185 1
244 28 1
245 121 1
245 156 1
245 124 1
245 94 1
245 143 1
246 153 1
246 275 1
249 145 1
250 138 1
250 205 1
251 138 1
251 147 1
251 146 1
252 25 1
253 263 1
253 143 1
254 281 1
254 202 1
255 17 1
256 281 1
256 117 1
256 254 1
257 15 1
258 135 1
259 18 1
260 218 1
261 92 1
262 281 1
264 224 1
264 194 1
265 12 1
265 44 1
266 283 1
267 48 1
267 138 1
267 291 1
269 164 1
269 18 1
269 196 1
269 166 1
270 13 1
270 142 1
271 136 1
271 59 1
272 1 1
272 273 1
273 272 1
273 1 1
273 31 1
276 275 1
277 66 1
277 156 1
278 35 1
279 120 1
279 156 1
280 234 1
281 202 1
281 254 1
283 266 1
287 92 1
291 148 1
